-18
15
-24
15
0000000000000000000000000000000000
0000000000000000000000000000000000
0000000000000000000000000000000000
0222222222222222222222222222222220
0222222222222222222222222222222220
0211111111111111211111111111111220
0211111111111111211111111111111220
0211111111111111211111111111111220
0211111111111111211111111111111220
0211111111111111211111111111111220
0211111111111111211111111111111220
0211111111111111211111111111111220
0211111111111111211111111111111220
0211111111111111211111111111111220
0211111111111111211111111111111220
0211112222222222222222222221111220
0211112222222222222222222221111220
0211111111111111111111111111111220
0211112222222222222222222221111220
0211112222222222222222222221111220
0211111111111111111111111111111220
0211111111111111111111111111111220
0211111111111111111111111111111220
0211111111111111111111111111111220
0211111111111111111111111111111220
0211111111111111111111111111111220
0211111111111111111111111111111220
0211111111111111111111111111111220
0211111111111111211111111111111220
0211111111111111211111111111111220
0211111111111111211111111111111220
0211111111111111211111111111111220
0211111111111111211111111111111220
0211111111111111211111111111111220
0222222222222222222222222222222220
0000000000000000000000000000000000
0000000000000000000000000000000000
0000000000000000000000000000000000
0000000000000000000000000000000000
0000000000000000000000000000000000
